1 25544U 98067A   16001.21631944  .00005382  00000-0  85171-4 0  9992
2 25544  51.6436 175.7680 0008248 349.1433 350.2600 15.55191287978846
1 25544U 98067A   16001.28471065  .00005383  00000-0  85187-4 0  9993
2 25544  51.6436 175.4264 0008246 349.3894  13.1693 15.55192096978860
1 25544U 98067A   16001.49479696  .00005567  00000-0  87829-4 0  9993
2 25544  51.6434 174.3772 0008262 350.0277 109.5268 15.55195766978890
1 25544U 98067A   16001.49479696  .00005567  00000-0  87829-4 0  9993
2 25544  51.6434 174.3772 0008262 350.0277 109.5268 15.55195766978890
1 25544U 98067A   16001.62093006  .00005507  00000-0  86964-4 0  9998
2 25544  51.6426 173.7478 0008276 350.5092  95.6964 15.55197133978913
1 25544U 98067A   16001.76666667  .00005754  00000-0  90533-4 0  9993
2 25544  51.6423 173.0193 0008397 351.6058 191.0850 15.55200377978937
1 25544U 98067A   16001.94851741  .00006024  00000-0  94426-4 0  9998
2 25544  51.6428 172.1119 0008360 352.4678 129.0348 15.55203909978967
1 25544U 98067A   16002.32536922  .00006071  00000-0  95081-4 0  9992
2 25544  51.6430 170.2294 0008388 353.7789  79.0219 15.55209128979028
1 25544U 98067A   16002.45161071  .00006478  00000-0  10096-3 0  9998
2 25544  51.6431 169.5990 0008297 352.8570  67.2222 15.55213395979046
1 25544U 98067A   16002.58434661  .00007494  00000-0  11565-3 0  9991
2 25544  51.6427 168.9386 0008338 353.1002  90.6393 15.55219264979065
1 25544U 98067A   16002.58434661  .00007494  00000-0  11565-3 0  9991
2 25544  51.6427 168.9386 0008338 353.1002  90.6393 15.55219264979065
1 25544U 98067A   16002.85431733  .00009631  00000-0  14647-3 0  9997
2 25544  51.6422 167.5945 0008508 353.5942 162.6694 15.55230521979100
1 25544U 98067A   16003.48840983  .00008882  00000-0  13562-3 0  9990
2 25544  51.6424 164.4246 0008350 357.1673 111.6363 15.55240195979204
1 25544U 98067A   16003.61097024  .00008302  00000-0  12723-3 0  9990
2 25544  51.6419 163.8156 0008450 356.3780  79.0716 15.55240246979220
1 25544U 98067A   16003.61097024  .00008302  00000-0  12723-3 0  9990
2 25544  51.6419 163.8156 0008450 356.3780  79.0716 15.55240246979220
1 25544U 98067A   16003.88353887  .00008341  00000-0  12778-3 0  9994
2 25544  51.6424 162.4509 0008302 358.1918 164.3460 15.55244436979265
1 25544U 98067A   16003.94435779  .00008269  00000-0  12673-3 0  9995
2 25544  51.6423 162.1468 0008340 358.3101 144.9705 15.55245165979270
1 25544U 98067A   16004.56947642  .00007927  00000-0  12175-3 0  9998
2 25544  51.6427 159.0244 0008419   1.2380  44.3320 15.55253930979377
1 25544U 98067A   16004.57750006  .00008309  00000-0  12729-3 0  9995
2 25544  51.6407 158.9918 0008346   0.2673  90.2373 15.55249058979378
1 25544U 98067A   16004.57750006  .00008309  00000-0  12729-3 0  9995
2 25544  51.6407 158.9918 0008346   0.2673  90.2373 15.55249058979378
1 25544U 98067A   16004.77938131  .00007626  00000-0  11742-3 0  9999
2 25544  51.6410 157.9817 0008477   0.5581 141.0091 15.55251553979404
1 25544U 98067A   16004.90697937 +.00009396 +00000-0 +14296-3 0  9993
2 25544 051.6415 157.3453 0008483 001.2614 135.1939 15.55256995979423
1 25544U 98067A   16004.90697938  .00009396  00000-0  14296-3 0  9994
2 25544  51.6415 157.3453 0008483   1.2614 135.1939 15.55256995979423
1 25544U 98067A   16005.54017317  .00006616  00000-0  10277-3 0  9999
2 25544  51.6421 154.1799 0008420   3.4796  80.5368 15.55262626979522
1 25544U 98067A   16005.60834383  .00006461  00000-0  10054-3 0  9997
2 25544  51.6422 153.8395 0008393   4.0361 101.9119 15.55262591979539
1 25544U 98067A   16005.60834383  .00006461  00000-0  10054-3 0  9997
2 25544  51.6422 153.8395 0008393   4.0361 101.9119 15.55262591979539
1 25544U 98067A   16005.74416758  .00006394  00000-0  99560-4 0  9999
2 25544  51.6422 153.1615 0008368   4.9209 142.0025 15.55264315979559
1 25544U 98067A   16005.93676032  .00006585  00000-0  10231-3 0  9992
2 25544  51.6420 152.2012 0008404   5.9659 139.9893 15.55266912979585
1 25544U 98067A   16006.50497383  .00005882  00000-0  92139-4 0  9993
2 25544  51.6420 149.3610 0008544   8.0038  81.4677 15.55272031979676
1 25544U 98067A   16006.57041568  .00005882  00000-0  92139-4 0  9990
2 25544  51.6420 149.0340 0008544   8.2458  87.8766 15.55272866979687
1 25544U 98067A   16006.57041568  .00005882  00000-0  92139-4 0  9990
2 25544  51.6420 149.0340 0008544   8.2458  87.8766 15.55272866979687
1 25544U 98067A   16006.83781911  .00005872  00000-0  91988-4 0  9992
2 25544  51.6426 147.6995 0008483   9.0948 145.2082 15.55276131979722
1 25544U 98067A   16006.95666988  .00005868  00000-0  91926-4 0  9998
2 25544  51.6428 147.1060 0008533   9.4385  90.7511 15.55277680979740
1 25544U 98067A   16006.95666988  .00005878  00000-0  92065-4 0  9994
2 25544  51.6427 147.1060 0008517   9.4621  90.7277 15.55277714979741
1 25544U 98067A   16007.27592222  .00005952  00000-0  93122-4 0  9997
2 25544  51.6427 145.5110 0008563  10.6450  78.2292 15.55282230979796
1 25544U 98067A   16007.46811696  .00005979  00000-0  93505-4 0  9991
2 25544  51.6421 144.5514 0008557  11.5524  74.1408 15.55285028979828
1 25544U 98067A   16007.60119943  .00006067  00000-0  94765-4 0  9991
2 25544  51.6421 143.8872 0008530  12.1082  99.2147 15.55287271979846
1 25544U 98067A   16007.60119943  .00006067  00000-0  94765-4 0  9991
2 25544  51.6421 143.8872 0008530  12.1082  99.2147 15.55287271979846
1 25544U 98067A   16007.80110919  .00006373  00000-0  99166-4 0  9997
2 25544  51.6422 142.8901 0008577  13.1218 138.2521 15.55291603979879
1 25544U 98067A   16007.86270074  .00006547  00000-0  10167-3 0  9998
2 25544  51.6423 142.5827 0008615  13.1003 123.3584 15.55293229979880
1 25544U 98067A   16008.17006875  .00006528  00000-0  10138-3 0  9996
2 25544  51.6423 141.0472 0008666  14.1010  44.4719 15.55297431979933
1 25544U 98067A   16008.23611995  .00006612  00000-0  10259-3 0  9996
2 25544  51.6424 140.7175 0008641  14.4328  54.2144 15.55298924979948
1 25544U 98067A   16008.42877630  .00006799  00000-0  10527-3 0  9991
2 25544  51.6420 139.7555 0008490  14.9799  53.0899 15.55302953979978
1 25544U 98067A   16008.56395413  .00006950  00000-0  10743-3 0  9999
2 25544  51.6422 139.0795 0008484  15.3089  90.1401 15.55305705979990
1 25544U 98067A   16008.56395413  .00006950  00000-0  10743-3 0  9999
2 25544  51.6422 139.0795 0008484  15.3089  90.1401 15.55305705979990
1 25544U 98067A   16008.89249431  .00008238  00000-0  12594-3 0  9990
2 25544  51.6434 137.4400 0008758  17.0739 129.1540 15.55317655980045
1 25544U 98067A   16009.12582176  .00008239  00000-0  12594-3 0  9994
2 25544  51.6434 136.2743 0008758  17.9449 355.5858 15.55321736980085
1 25544U 98067A   16009.26645602  .00010579  00000-0  15956-3 0  9998
2 25544  51.6427 135.5748 0009153  18.2315  63.2664 15.55332170980105
1 25544U 98067A   16009.46533524  .00009861  00000-0  14922-3 0  9993
2 25544  51.6424 134.5819 0009235  19.2800  96.5137 15.55333846980139
1 25544U 98067A   16009.59338380  .00009647  00000-0  14613-3 0  9999
2 25544  51.6426 133.9425 0009135  19.7543  93.4843 15.55335676980150
1 25544U 98067A   16009.59338380  .00009647  00000-0  14613-3 0  9999
2 25544  51.6426 133.9425 0009135  19.7543  93.4843 15.55335676980150
1 25544U 98067A   16009.85571755  .00009541  00000-0  14458-3 0  9993
2 25544  51.6428 132.6332 0009142  20.9935 122.0840 15.55340867980190
1 25544U 98067A   16010.16246502  .00009539  00000-0  14452-3 0  9999
2 25544  51.6425 131.1010 0009176  22.0810  39.6890 15.55347037980246
1 25544U 98067A   16010.28734705  .00009770  00000-0  14782-3 0  9992
2 25544  51.6427 130.4770 0009151  22.3960  19.0875 15.55350660980268
1 25544U 98067A   16010.48995132  .00009916  00000-0  14989-3 0  9998
2 25544  51.6429 129.4644 0009195  22.8886  73.7848 15.55355286980297
1 25544U 98067A   16010.55619380  .00009889  00000-0  14949-3 0  9999
2 25544  51.6429 129.1335 0009184  23.1061  84.7234 15.55356522980305
1 25544U 98067A   16010.55619380  .00009889  00000-0  14949-3 0  9999
2 25544  51.6429 129.1335 0009184  23.1061  84.7234 15.55356522980305
1 25544U 98067A   16010.81846521  .00009891  00000-0  14949-3 0  9990
2 25544  51.6429 127.8231 0009183  24.0737 113.2652 15.55361975980348
1 25544U 98067A   16011.12539519  .00009814  00000-0  14949-3 0  9996
2 25544  51.6135 126.3521 0004515 332.9273  84.0037 15.55180634980396
1 25544U 98067A   16011.38562573  .00009509  00000-0  14949-3 0  9991
2 25544  51.6423 125.0027 0006065   7.2694  66.8329 15.54345593980437
1 25544U 98067A   16011.51656883  .00009516  00000-0  14949-3 0  9992
2 25544  51.6420 124.3353 0006558   1.7698  85.5427 15.54360958980459
1 25544U 98067A   16011.60180556  .00009516  00000-0  14949-3 0  9991
2 25544  51.6423 123.9114 0006111   4.0738 200.5204 15.54364521980461
1 25544U 98067A   16011.60180556  .00009516  00000-0  14949-3 0  9991
2 25544  51.6423 123.9114 0006111   4.0738 200.5204 15.54364521980461
1 25544U 98067A   16011.78467274  .00003050  00000-0  52830-4 0  9994
2 25544  51.6445 123.0033 0006198   7.1914 141.3790 15.54390229980490
1 25544U 98067A   16012.22528667  .00003049  00000-0  52830-4 0  9996
2 25544  51.6447 120.8062 0006280   9.9939  85.7837 15.54383757980567
1 25544U 98067A   16012.35522308  .00001506  00000-0  29758-4 0  9995
2 25544  51.6438 120.1611 0006247  10.4917  92.8788 15.54390387980589
1 25544U 98067A   16012.48338976  .00001506  00000-0  29758-4 0  9995
2 25544  51.6442 119.5208 0006192  10.2416  90.8035 15.54391632980609
1 25544U 98067A   16012.60952285  .00001506  00000-0  29758-4 0  9994
2 25544  51.6446 118.8918 0006314  10.8717  76.4594 15.54392871980627
1 25544U 98067A   16012.60952285  .00001506  00000-0  29758-4 0  9994
2 25544  51.6446 118.8918 0006314  10.8717  76.4594 15.54392871980627
1 25544U 98067A   16012.81264738  .00001506  00000-0  29758-4 0  9996
2 25544  51.6443 117.8784 0006531  15.1371 129.6050 15.54396697980650
1 25544U 98067A   16013.57289493  .00001507  00000-0  29758-4 0  9996
2 25544  51.6437 114.0864 0006261  18.3157  63.5103 15.54407216980776
1 25544U 98067A   16013.65021053  .00001508  00000-0  29758-4 0  9992
2 25544  51.6434 113.7012 0006074  15.2812 139.5099 15.54418193980785
1 25544U 98067A   16013.77696245  .00001508  00000-0  29758-4 0  9996
2 25544  51.6437 113.0679 0006353  15.9391 128.6184 15.54420581980800
1 25544U 98067A   16013.77696245  .00005647  00000-0  91490-4 0  9996
2 25544  51.6437 113.0678 0006297  16.3729 128.1923 15.54427254980806
1 25544U 98067A   16014.21934096  .00005648  00000-0  91490-4 0  9996
2 25544  51.6429 110.8607 0006738  20.5285  81.2170 15.54431828980870
1 25544U 98067A   16014.53608972  .00012902  00000-0  19933-3 0  9994
2 25544  51.6430 109.2806 0006276  20.0002  55.4834 15.54458874980920
1 25544U 98067A   16014.53608972  .00012902  00000-0  19933-3 0  9994
2 25544  51.6430 109.2806 0006276  20.0002  55.4834 15.54458874980920
1 25544U 98067A   16014.86313836  .00012751  00000-0  19703-3 0  9999
2 25544  51.6433 107.6495 0006324  20.6224  86.2579 15.54466951980973
1 25544U 98067A   16015.23773506  .00012673  00000-0  19581-3 0  9992
2 25544  51.6433 105.7805 0006342  22.0356  22.5141 15.54476498981032
1 25544U 98067A   16015.31298366  .00012375  00000-0  19137-3 0  9993
2 25544  51.6432 105.4053 0006299  22.7233  83.2012 15.54477059981041
1 25544U 98067A   16015.56716473  .00012177  00000-0  18840-3 0  9994
2 25544  51.6432 104.1370 0006291  23.8604  65.4340 15.54482563981081
1 25544U 98067A   16015.56716473  .00012177  00000-0  18840-3 0  9994
2 25544  51.6432 104.1370 0006291  23.8604  65.4340 15.54482563981081
1 25544U 98067A   16015.77001243  .00012129  00000-0  18765-3 0  9992
2 25544  51.6433 103.1252 0006317  24.4858 120.7254 15.54487424981111
1 25544U 98067A   16015.93339120  .00012132  00000-0  18766-3 0  9993
2 25544  51.6434 102.3101 0006324  25.0271 315.0845 15.54491557981139
1 25544U 98067A   16016.14371523  .00012144  00000-0  18781-3 0  9990
2 25544  51.6433 101.2607 0006319  25.7718  52.1318 15.54496916981176
1 25544U 98067A   16016.27617860  .00012020  00000-0  18595-3 0  9997
2 25544  51.6432 100.6002 0006408  26.4248  73.2568 15.54499490981195
1 25544U 98067A   16016.46665281  .00011844  00000-0  18331-3 0  9999
2 25544  51.6432  99.6498 0006385  27.3932  58.9235 15.54503127981223
1 25544U 98067A   16016.60645009  .00011703  00000-0  18120-3 0  9991
2 25544  51.6430  98.9530 0006348  28.0640 121.1056 15.54505896981244
1 25544U 98067A   16016.60645009  .00011703  00000-0  18120-3 0  9991
2 25544  51.6430  98.9530 0006348  28.0640 121.1056 15.54505896981244
1 25544U 98067A   16016.96418981  .00011336  00000-0  17571-3 0  9998
2 25544  51.6431  97.1685 0006454  27.3495 325.1365 15.54512843981299
1 25544U 98067A   16017.10697779  .00011321  00000-0  17546-3 0  9995
2 25544  51.6431  96.4561 0006474  27.6657  44.4274 15.54516138981324
1 25544U 98067A   16017.30677219  .00011146  00000-0  17284-3 0  9998
2 25544  51.6431  95.4593 0006413  28.4199  82.5132 15.54519774981359
1 25544U 98067A   16017.56896351  .00010829  00000-0  16811-3 0  9998
2 25544  51.6427  94.1528 0006389  29.1975 109.9959 15.54523942981397
1 25544U 98067A   16017.56896351  .00010829  00000-0  16811-3 0  9998
2 25544  51.6427  94.1528 0006389  29.1975 109.9959 15.54523942981397
1 25544U 98067A   16017.56896351  .00010829  00000-0  16812-3 0  9999
2 25544  51.6427  94.1528 0006389  29.1975 109.9959 15.54523942981397
1 25544U 98067A   16017.63545101  .00010810  00000-0  16782-3 0  9997
2 25544  51.6427  93.8211 0006380  29.4790 122.0442 15.54525338981407
1 25544U 98067A   16017.92553241  .00010493  00000-0  16309-3 0  9995
2 25544  51.6429  92.3743 0006375  29.6022 306.3766 15.54530500981444
1 25544U 98067A   16018.13766836  .00010394  00000-0  16160-3 0  9990
2 25544  51.6429  91.3160 0006433  30.3639  53.5801 15.54534639981486
1 25544U 98067A   16018.27038796  .00010095  00000-0  15715-3 0  9995
2 25544  51.6427  90.6544 0006335  30.9473  76.2262 15.54535921981506
1 25544U 98067A   16018.54678241  .00009736  00000-0  15182-3 0  9998
2 25544  51.6428  89.2749 0006392  32.1403 182.8486 15.54539845981543
1 25544U 98067A   16018.59952921  .00009738  00000-0  15184-3 0  9997
2 25544  51.6429  89.0119 0006394  32.4085 117.9655 15.54540946981556
1 25544U 98067A   16018.59952921  .00009738  00000-0  15184-3 0  9997
2 25544  51.6429  89.0119 0006394  32.4085 117.9655 15.54540946981556
1 25544U 98067A   16018.89040509  .00009714  00000-0  15145-3 0  9991
2 25544  51.6429  87.5609 0006423  33.5244 305.7745 15.54546790981599
1 25544U 98067A   16019.22716755  .00009085  00000-0  14209-3 0  9993
2 25544  51.6419  85.8835 0006486  36.1093  29.0759 15.54550243981656
1 25544U 98067A   16019.30304631  .00009009  00000-0  14097-3 0  9999
2 25544  51.6421  85.5048 0006453  36.3696  93.7427 15.54551304981667
1 25544U 98067A   16019.49195177  .00009010  00000-0  14097-3 0  9994
2 25544  51.6421  84.5621 0006452  37.0698  70.9327 15.54554895981699
1 25544U 98067A   16019.62322808  .00008799  00000-0  13782-3 0  9995
2 25544  51.6421  83.9080 0006401  38.1209  85.0400 15.54556296981714
1 25544U 98067A   16019.62322808  .00008799  00000-0  13782-3 0  9995
2 25544  51.6421  83.9080 0006401  38.1209  85.0400 15.54556296981714
1 25544U 98067A   16019.69102865  .00008772  00000-0  13742-3 0  9998
2 25544  51.6421  83.5697 0006423  38.1520 104.6996 15.54557451981727
1 25544U 98067A   16019.91906250  .00008486  00000-0  13317-3 0  9993
2 25544  51.6422  82.4322 0006484  38.2592 301.6070 15.54560491981751
1 25544U 98067A   16020.19053255  .00008488  00000-0  13317-3 0  9995
2 25544  51.6422  81.0775 0006483  39.2648  20.8715 15.54565369981801
1 25544U 98067A   16020.32452443  .00008344  00000-0  13103-3 0  9996
2 25544  51.6419  80.4093 0006530  39.6296  50.8786 15.54567032981821
1 25544U 98067A   16020.52638318  .00008327  00000-0  13076-3 0  9995
2 25544  51.6419  79.4023 0006523  40.4641 100.4851 15.54570499981857
1 25544U 98067A   16020.59268367  .00008347  00000-0  13105-3 0  9990
2 25544  51.6420  79.0716 0006528  40.7830 111.4606 15.54571801981861
1 25544U 98067A   16020.59268367  .00008347  00000-0  13105-3 0  9990
2 25544  51.6420  79.0716 0006528  40.7830 111.4606 15.54571801981861
1 25544U 98067A   16020.65429116  .00008347  00000-0  13105-3 0  9998
2 25544  51.6420  78.7641 0006528  41.0123  96.2439 15.54572890981877
1 25544U 98067A   16020.88458333  .00008349  00000-0  13105-3 0  9998
2 25544  51.6420  77.6149 0006529  41.8677 305.0668 15.54576964981906
1 25544U 98067A   16021.15149505  .00008497  00000-0  13323-3 0  9993
2 25544  51.6424  76.2839 0006560  42.5311 359.1665 15.54582761981953
1 25544U 98067A   16021.22768476  .00008536  00000-0  13380-3 0  9992
2 25544  51.6424  75.9038 0006583  42.6159  65.7618 15.54584446981967
1 25544U 98067A   16021.61553447  .00008959  00000-0  14000-3 0  9994
2 25544  51.6420  73.9694 0006655  44.2869  76.1474 15.54593758982025
1 25544U 98067A   16021.61553447  .00008959  00000-0  14000-3 0  9994
2 25544  51.6420  73.9694 0006655  44.2869  76.1474 15.54593758982025
1 25544U 98067A   16021.72262839  .00013777  00000-0  20392-3 0  9993
2 25544  51.6415  73.4408 0006509  42.0459 318.1555 15.54607323982041
1 25544U 98067A   16022.19121935  .00009708  00000-0  15101-3 0  9997
2 25544  51.6424  71.0974 0006581  45.7098  58.7372 15.54609228982110
1 25544U 98067A   16022.25777347  .00009800  00000-0  15236-3 0  9990
2 25544  51.6424  70.7654 0006597  45.7480  71.4240 15.54611033982127
1 25544U 98067A   16022.58743333  .00010690  00000-0  16545-3 0  9997
2 25544  51.6425  69.1213 0006674  46.9223 116.4671 15.54622226982174
1 25544U 98067A   16022.58743333  .00010690  00000-0  16545-3 0  9997
2 25544  51.6425  69.1213 0006674  46.9223 116.4671 15.54622226982174
1 25544U 98067A   16022.77111292  .00010890  00000-0  16839-3 0  9999
2 25544  51.6427  68.2053 0006634  48.4717  63.5918 15.54627138982206
1 25544U 98067A   16023.55000910  .00011000  00000-0  16990-3 0  9992
2 25544  51.6423  64.3198 0006656  51.5068 102.6847 15.54644851982327
1 25544U 98067A   16023.60556477  .00011023  00000-0  17023-3 0  9995
2 25544  51.6423  64.0427 0006650  51.9320  53.3955 15.54646199982338
1 25544U 98067A   16023.60556477  .00011023  00000-0  17023-3 0  9995
2 25544  51.6423  64.0427 0006650  51.9320  53.3955 15.54646199982338
1 25544U 98067A   16023.84267361  .00010949  00000-0  16911-3 0  9993
2 25544  51.6424  62.8598 0006711  52.2760 300.9646 15.54651209982363
1 25544U 98067A   16024.05215841  .00010735  00000-0  16592-3 0  9991
2 25544  51.6423  61.8145 0006719  53.2677  33.1797 15.54654694982403
1 25544U 98067A   16024.57383365  .00009365  00000-0  14568-3 0  9993
2 25544  51.6436  59.2123 0006644  53.8685  74.1781 15.54658395982484
1 25544U 98067A   16024.57383365  .00009365  00000-0  14568-3 0  9993
2 25544  51.6436  59.2123 0006644  53.8685  74.1781 15.54658395982484
1 25544U 98067A   16024.80442130  .00009095  00000-0  14167-3 0  9990
2 25544  51.6433  58.0617 0006559  54.4417 285.0061 15.54661742982519
1 25544U 98067A   16024.94965194  .00008914  00000-0  13899-3 0  9995
2 25544  51.6430  57.3376 0006586  54.8375  17.9709 15.54663673982546
1 25544U 98067A   16025.20905821  .00008375  00000-0  13103-3 0  9995
2 25544  51.6427  56.0434 0006623  57.0126  28.5908 15.54665535982586
1 25544U 98067A   16025.33824086  .00007989  00000-0  12532-3 0  9997
2 25544  51.6427  55.3991 0006547  59.2107  29.8778 15.54666076982607
1 25544U 98067A   16025.54395279  .00007635  00000-0  12009-3 0  9994
2 25544  51.6428  54.3730 0006538  59.2229 101.9532 15.54667979982639
1 25544U 98067A   16025.54395279  .00007635  00000-0  12009-3 0  9994
2 25544  51.6428  54.3730 0006538  59.2229 101.9532 15.54667979982639
1 25544U 98067A   16025.91218959  .00007398  00000-0  11656-3 0  9997
2 25544  51.6428  52.5348 0006687  59.3653   4.1269 15.54672921982691
1 25544U 98067A   16026.11290058  .00006983  00000-0  11043-3 0  9999
2 25544  51.6419  51.5344 0006816  60.4796  47.0925 15.54673801982728
1 25544U 98067A   16026.50734672  .00006520  00000-0  10358-3 0  9992
2 25544  51.6421  49.5661 0006675  62.5920  94.0891 15.54677419982784
1 25544U 98067A   16026.56925118  .00006422  00000-0  10213-3 0  9996
2 25544  51.6421  49.2570 0006689  62.3900  80.9886 15.54677842982790
1 25544U 98067A   16026.56925118  .00006422  00000-0  10213-3 0  9996
2 25544  51.6421  49.2570 0006689  62.3900  80.9886 15.54677842982790
1 25544U 98067A   16026.79770833  .00006368  00000-0  10132-3 0  9992
2 25544  51.6422  48.1169 0006700  63.0347 279.8304 15.54680715982821
1 25544U 98067A   16026.87580900  .00006357  00000-0  10116-3 0  9995
2 25544  51.6422  47.7271 0006712  63.2447 357.0282 15.54681731982841
1 25544U 98067A   16027.13523322  .00006138  00000-0  97915-4 0  9990
2 25544  51.6419  46.4324 0006724  64.3886   8.8036 15.54684034982885
1 25544U 98067A   16027.28166667  .00006014  00000-0  96077-4 0  9992
2 25544  51.6421  45.7019 0006786  64.7476 108.5519 15.54685187982905
1 25544U 98067A   16027.47055112  .00005961  00000-0  95279-4 0  9998
2 25544  51.6418  44.7598 0006689  66.0613  85.1006 15.54687259982938
1 25544U 98067A   16027.53240668  .00005949  00000-0  95101-4 0  9997
2 25544  51.6419  44.4513 0006689  66.2946  71.2945 15.54688018982947
1 25544U 98067A   16027.53240668  .00005949  00000-0  95101-4 0  9997
2 25544  51.6419  44.4513 0006689  66.2946  71.2945 15.54688018982947
1 25544U 98067A   16028.10071196 -.00209348  00000-0 -32214-2 0  9994
2 25544  51.6392  41.6212 0006769  42.8557  37.1642 15.54245865983034
1 25544U 98067A   16028.16605694 -.00101401  00000-0 -15353-2 0  9992
2 25544  51.6404  41.2974 0006664  51.4022  34.5001 15.54256780983045
1 25544U 98067A   16028.29983441 -.00101689  00000-0 -15353-2 0  9993
2 25544  51.6404  40.6118 0006872  55.5061  59.4768 15.54333532983066
1 25544U 98067A   16028.48916696 -.00107753  00000-0 -16315-2 0  9999
2 25544  51.6431  39.6777 0007227  50.3054  44.7693 15.54278845983097
1 25544U 98067A   16028.53651814  .00038161  00000-0  57068-3 0  9998
2 25544  51.6412  39.4486 0006587  53.1700 307.0414 15.54326424111151
1 25544U 98067A   16028.56260205 -.00110724  00000-0 -16780-2 0  9994
2 25544  51.6410  39.3130 0007651  48.9355  97.3052 15.54264471983107
1 25544U 98067A   16028.56260205 -.00110724  00000-0 -16780-2 0  9994
2 25544  51.6410  39.3130 0007651  48.9355  97.3052 15.54264471983107
1 25544U 98067A   16028.56260205 -.00110724  00000-0 -16780-2 0  9994
2 25544  51.6410  39.3130 0007651  48.9355  97.3052 15.54264471983107
1 25544U 98067A   16028.60081312  .00014289  00000-0  21385-3 0  9994
2 25544  51.6413  39.1283 0006529  51.2720 308.9374 15.54305299983116
1 25544U 98067A   16028.86949314  .00010413  00000-0  16313-3 0  9997
2 25544  51.6415  37.7872 0006534  53.6988  10.9265 15.54321135983154
1 25544U 98067A   16029.26319505  .00000642  00000-0  16901-4 0  9992
2 25544  51.6421  35.8241 0006719  53.6022  55.4378 15.54310995983212
1 25544U 98067A   16029.83422831  .00007315  00000-0  11677-3 0  9990
2 25544  51.6421  32.9756 0006719  55.7206  10.6984 15.54328882983308
1 25544U 98067A   16029.89969192  .00007326  00000-0  11692-3 0  9991
2 25544  51.6419  32.6496 0006719  57.6604  15.3111 15.54329867983315
1 25544U 98067A   16030.36196319  .00006249  00000-0  10080-3 0  9991
2 25544  51.6420  30.3445 0006748  58.8338  82.5289 15.54333628983384
1 25544U 98067A   16030.48380882  .00006349  00000-0  10229-3 0  9990
2 25544  51.6420  29.7364 0006745  59.4854  44.1306 15.54335592983402
1 25544U 98067A   16030.48380882  .00006349  00000-0  10229-3 0  9990
2 25544  51.6420  29.7364 0006745  59.4854  44.1306 15.54335592983402
1 25544U 98067A   16030.61299948  .00006333  00000-0  10205-3 0  9994
2 25544  51.6421  29.0926 0006722  60.1442  46.8512 15.54337240983429
1 25544U 98067A   16031.24468789  .00005972  00000-0  96622-4 0  9991
2 25544  51.6430  25.9406 0006734  62.5371 341.4928 15.54344394983521
1 25544U 98067A   16031.25992506  .00006019  00000-0  97324-4 0  9994
2 25544  51.6430  25.8646 0006733  62.5910  66.7566 15.54344726983528
1 25544U 98067A   16031.45129574  .00005975  00000-0  96656-4 0  9990
2 25544  51.6430  24.9104 0006762  63.6255  57.2753 15.54347073983557
1 25544U 98067A   16031.45129574  .00005975  00000-0  96656-4 0  9990
2 25544  51.6430  24.9104 0006762  63.6255  57.2753 15.54347073983557
1 25544U 98067A   16031.89447256  .00006060  00000-0  97911-4 0  9999
2 25544  51.6429  22.6993 0006751  65.1114  17.3021 15.54353166983628
1 25544U 98067A   16032.22325631  .00006135  00000-0  99007-4 0  9990
2 25544  51.6432  21.0589 0006759  66.0600  57.3435 15.54357886983675
1 25544U 98067A   16032.28454252  .00006196  00000-0  99917-4 0  9995
2 25544  51.6432  20.7533 0006796  66.0741  40.4963 15.54359031983681
1 25544U 98067A   16032.54040688  .00006279  00000-0  10115-3 0  9992
2 25544  51.6436  19.4778 0006816  67.9231  31.3392 15.54362976983720
1 25544U 98067A   16032.60699226  .00006282  00000-0  10119-3 0  9995
2 25544  51.6436  19.1456 0006817  68.1467  43.9552 15.54363892983731
1 25544U 98067A   16032.60699226  .00006282  00000-0  10119-3 0  9995
2 25544  51.6436  19.1456 0006817  68.1467  43.9552 15.54363892983731
1 25544U 98067A   16032.79120156  .00006277  00000-0  10110-3 0  9991
2 25544  51.6434  18.2270 0006819  68.8313 354.7361 15.54366301983764
1 25544U 98067A   16033.25518321  .00006597  00000-0  10585-3 0  9999
2 25544  51.6439  15.9128 0006877  70.0240  71.5869 15.54374295983839
1 25544U 98067A   16033.44756072  .00006597  00000-0  10585-3 0  9997
2 25544  51.6439  14.9531 0006877  70.7370  68.0848 15.54377025983862
1 25544U 98067A   16033.44756072  .00006597  00000-0  10585-3 0  9997
2 25544  51.6439  14.9531 0006877  70.7370  68.0848 15.54377025983862
1 25544U 98067A   16033.82111081  .00006910  00000-0  11048-3 0  9998
2 25544  51.6443  13.0900 0006864  71.8886 358.6267 15.54384167983922
1 25544U 98067A   16034.21638441  .00007171  00000-0  11436-3 0  9997
2 25544  51.6442  11.1183 0006796  73.3436  50.5136 15.54391313983985
1 25544U 98067A   16034.41001325  .00007474  00000-0  11886-3 0  9999
2 25544  51.6445  10.1532 0006794  74.7957  53.2955 15.54395645984012
1 25544U 98067A   16034.41001325  .00007474  00000-0  11886-3 0  9999
2 25544  51.6445  10.1532 0006794  74.7957  53.2955 15.54395645984012
1 25544U 98067A   16035.05111435  .00007687  00000-0  12199-3 0  9998
2 25544  51.6448   6.9568 0006719  78.0221  39.9562 15.54407216984119
1 25544U 98067A   16035.17930050  .00007865  00000-0  12462-3 0  9994
2 25544  51.6448   6.3172 0006758  77.7597  38.0099 15.54410230984136
1 25544U 98067A   16035.31572103  .00008189  00000-0  12943-3 0  9995
2 25544  51.6451   5.6378 0006880  78.2590  81.4156 15.54414237984154
1 25544U 98067A   16035.44165922  .00008310  00000-0  13123-3 0  9993
2 25544  51.6446   5.0101 0006860  78.9399  65.9397 15.54416878984177
1 25544U 98067A   16035.44165922  .00008310  00000-0  13123-3 0  9993
2 25544  51.6446   5.0101 0006860  78.9399  65.9397 15.54416878984177
1 25544U 98067A   16035.60869619  .00010372  00000-0  15456-3 0  9997
2 25544  51.6418   4.1825 0006555  76.6113 283.6131 15.54424438984209
1 25544U 98067A   16035.81538800  .00008420  00000-0  13283-3 0  9992
2 25544  51.6446   3.1456 0006851  80.1339 357.4887 15.54424059984238
1 25544U 98067A   16036.01478610  .00008973  00000-0  14104-3 0  9993
2 25544  51.6439   2.1524 0006886  80.7688  33.4173 15.54429912984261
1 25544U 98067A   16036.21032943  .00009200  00000-0  14439-3 0  9995
2 25544  51.6438   1.1774 0006954  83.0950  46.0733 15.54434802984299
1 25544U 98067A   16036.52823010  .00009121  00000-0  14318-3 0  9990
2 25544  51.6441 359.5913 0006959  83.4035  25.9071 15.54440498984346
1 25544U 98067A   16036.52823010  .00009121  00000-0  14318-3 0  9990
2 25544  51.6441 359.5913 0006959  83.4035  25.9071 15.54440498984346
1 25544U 98067A   16036.52823010  .00009153  00000-0  14366-3 0  9998
2 25544  51.6439 359.5915 0006947  83.9528  25.3586 15.54440684984346
1 25544U 98067A   16036.97818881  .00009160  00000-0  14371-3 0  9991
2 25544  51.6440 357.3465 0006947  85.0223  23.9294 15.54449414984417
1 25544U 98067A   16037.17635821  .00009329  00000-0  14621-3 0  9990
2 25544  51.6439 356.3588 0006933  85.6649  52.9858 15.54454086984445
1 25544U 98067A   16037.30716384  .00009480  00000-0  14844-3 0  9994
2 25544  51.6443 355.7065 0006938  85.6643  65.4669 15.54457369984460
1 25544U 98067A   16037.36869563  .00009632  00000-0  15069-3 0  9997
2 25544  51.6446 355.4004 0006959  86.7097  48.9870 15.54459257984470
1 25544U 98067A   16037.36869563  .00009632  00000-0  15069-3 0  9997
2 25544  51.6446 355.4004 0006959  86.7097  48.9870 15.54459257984470
1 25544U 98067A   16037.94213885  .00009758  00000-0  15249-3 0  9990
2 25544  51.6445 352.5397 0006960  89.2794  17.5824 15.54471764984564
1 25544U 98067A   16038.20499631  .00009950  00000-0  15531-3 0  9993
2 25544  51.6445 351.2284 0006997  89.9621  48.8570 15.54478078984606
1 25544U 98067A   16038.39784297  .00010055  00000-0  15685-3 0  9996
2 25544  51.6448 350.2669 0007010  90.8896  47.8423 15.54482694984635
1 25544U 98067A   16038.45608887  .00010063  00000-0  15695-3 0  9993
2 25544  51.6448 349.9764 0007011  91.1767  13.7239 15.54483972984646
1 25544U 98067A   16038.45608887  .00010063  00000-0  15695-3 0  9993
2 25544  51.6448 349.9764 0007011  91.1767  13.7239 15.54483972984646
1 25544U 98067A   16038.90574315  .00010255  00000-0  15975-3 0  9995
2 25544  51.6448 347.7333 0006934  92.9813   9.9319 15.54494719984713
1 25544U 98067A   16039.23535552  .00010524  00000-0  16369-3 0  9999
2 25544  51.6449 346.0892 0006993  93.9480  54.7659 15.54503006984762
1 25544U 98067A   16039.36282788  .00010720  00000-0  16657-3 0  9991
2 25544  51.6451 345.4539 0007032  94.2342  48.3176 15.54506735984789
1 25544U 98067A   16039.36282788  .00010720  00000-0  16657-3 0  9991
2 25544  51.6451 345.4539 0007032  94.2342  48.3176 15.54506735984789
1 25544U 98067A   16039.80320727  .00010971  00000-0  17024-3 0  9993
2 25544  51.6452 343.2565 0007016  94.9254 353.7357 15.54518067984859
1 25544U 98067A   16039.93001068  .00011051  00000-0  17140-3 0  9990
2 25544  51.6450 342.6244 0007002  95.9041 342.8565 15.54521469984876
1 25544U 98067A   16040.31992883  .00011055  00000-0  17140-3 0  9992
2 25544  51.6450 340.6789 0007000  97.3525   4.9517 15.54530476984937
1 25544U 98067A   16040.31992883  .00011055  00000-0  17140-3 0  9992
2 25544  51.6450 340.6789 0007000  97.3525   4.9517 15.54530476984937
1 25544U 98067A   16040.32621301  .00012064  00000-0  18632-3 0  9995
2 25544  51.6454 340.6500 0007061  97.7937  39.7208 15.54535910984931
1 25544U 98067A   16040.83351900  .00012668  00000-0  19516-3 0  9998
2 25544  51.6456 338.1184 0007053  99.4946 358.9840 15.54552412985017
1 25544U 98067A   16040.89929207  .00012681  00000-0  19534-3 0  9990
2 25544  51.6455 337.7904 0007048  99.9517   6.8636 15.54554246985024
1 25544U 98067A   16041.22849150  .00013409  00000-0  20605-3 0  9996
2 25544  51.6459 336.1490 0006917  99.5580  50.8241 15.54566365985072
1 25544U 98067A   16041.28784270  .00013572  00000-0  20844-3 0  9999
2 25544  51.6457 335.8524 0006954 101.4053  21.3548 15.54568476985082
1 25544U 98067A   16041.28784270  .00013572  00000-0  20844-3 0  9999
2 25544  51.6457 335.8524 0006954 101.4053  21.3548 15.54568476985082
1 25544U 98067A   16041.85168028  .00014288  00000-0  21888-3 0  9993
2 25544  51.6462 333.0399 0006854 104.9615 295.4144 15.54588480985172
1 25544U 98067A   16041.91507368  .00015328  00000-0  23421-3 0  9995
2 25544  51.6455 332.7242 0006787 104.0693 291.3315 15.54594210985183
1 25544U 98067A   16042.25886579  .00015328  00000-0  23411-3 0  9996
2 25544  51.6453 331.0084 0006803 105.0139  55.7215 15.54605677985239
1 25544U 98067A   16042.32009874  .00015544  00000-0  23727-3 0  9999
2 25544  51.6453 330.7032 0006830 105.4614  38.1988 15.54608494985243
1 25544U 98067A   16042.32009874  .00015544  00000-0  23727-3 0  9999
2 25544  51.6453 330.7032 0006830 105.4614  38.1988 15.54608494985243
1 25544U 98067A   16042.68017543  .00019540  00000-0  28898-3 0  9994
2 25544  51.6422 328.9134 0006436 102.4634 257.7600 15.54631019985308
1 25544U 98067A   16042.75340508  .00029888  00000-0  44813-3 0  9993
2 25544  51.6438 328.5448 0006988 104.2242 306.1298 15.54647514985316
1 25544U 98067A   16042.95582946  .00016361  00000-0  24913-3 0  9990
2 25544  51.6447 327.5318 0006726 108.3549 355.6317 15.54633315985344
1 25544U 98067A   16043.59063867  .00017039  00000-0  25889-3 0  9993
2 25544  51.6448 324.3640 0006823 108.4277 310.7755 15.54658286985448
1 25544U 98067A   16043.59063867  .00017039  00000-0  25889-3 0  9993
2 25544  51.6448 324.3640 0006823 108.4277 310.7755 15.54658286985448
1 25544U 98067A   16043.79075343  .00017122  00000-0  26004-3 0  9990
2 25544  51.6447 323.3654 0006843 108.9911 350.9556 15.54665771985478
1 25544U 98067A   16043.92311183  .00017048  00000-0  25891-3 0  9990
2 25544  51.6442 322.7064 0006762 109.7492  11.4702 15.54669850985490
1 25544U 98067A   16044.24069602  .00017376  00000-0  26363-3 0  9991
2 25544  51.6440 321.1219 0006821 111.4983 348.3704 15.54682446985540
1 25544U 98067A   16044.24069602  .00017376  00000-0  26363-3 0  9991
2 25544  51.6440 321.1219 0006821 111.4983 348.3704 15.54682446985540
1 25544U 98067A   16044.62154462  .00017385  00000-0  26363-3 0  9992
2 25544  51.6440 319.2211 0006820 112.9155 319.9317 15.54696058985601
1 25544U 98067A   16044.75417260  .00017456  00000-0  26463-3 0  9994
2 25544  51.6442 318.5593 0006830 113.5804 342.0677 15.54701092985620
1 25544U 98067A   16044.94981727  .00015478  00000-0  23550-3 0  9995
2 25544  51.6432 317.5840 0006906 112.2880 359.0801 15.54702009985656
1 25544U 98067A   16045.08461514  .00015278  00000-0  23253-3 0  9996
2 25544  51.6435 316.9119 0006811 112.2536  34.0677 15.54705799985676
1 25544U 98067A   16045.21553181  .00016846  00000-0  25554-3 0  9991
2 25544  51.6440 316.2577 0006744 111.8566  47.6888 15.54713924985691
1 25544U 98067A   16045.21553181  .00016846  00000-0  25554-3 0  9991
2 25544  51.6440 316.2577 0006744 111.8566  47.6888 15.54713924985691
1 25544U 98067A   16045.58412692  .00016699  00000-0  25326-3 0  9995
2 25544  51.6440 314.4178 0006737 112.6183 311.3175 15.54725978985753
1 25544U 98067A   16045.84403068  .00015743  00000-0  23915-3 0  9992
2 25544  51.6435 313.1217 0006997 114.5084 325.0618 15.54729665985791
1 25544U 98067A   16045.91157381  .00011060  00000-0  17032-3 0  9995
2 25544  51.6434 312.7872 0006809 114.3319 343.5070 15.54719653985808
1 25544U 98067A   16046.17903256  .00011163  00000-0  17180-3 0  9992
2 25544  51.6433 311.4520 0006860 115.8325  39.9684 15.54726147985840
1 25544U 98067A   16046.23578076  .00010293  00000-0  15899-3 0  9995
2 25544  51.6436 311.1698 0006863 115.8193 357.8105 15.54725950985854
1 25544U 98067A   16046.23578076  .00010293  00000-0  15899-3 0  9995
2 25544  51.6436 311.1698 0006863 115.8193 357.8105 15.54725950985854
1 25544U 98067A   16046.61394130  .00012420  00000-0  19020-3 0  9998
2 25544  51.6436 309.2823 0006879 117.4621 314.1575 15.54739380985919
1 25544U 98067A   16046.74780411  .00012421  00000-0  19020-3 0  9994
2 25544  51.6436 308.6141 0006878 117.9634 343.3926 15.54742838985931
1 25544U 98067A   16046.93811375  .00011271  00000-0  17327-3 0  9999
2 25544  51.6433 307.6636 0006835 118.4342 328.7991 15.54744291985968
1 25544U 98067A   16047.19739476  .00012674  00000-0  19383-3 0  9991
2 25544  51.6440 306.3696 0006824 122.4138 337.0118 15.54754835986009
1 25544U 98067A   16047.19739476  .00012674  00000-0  19383-3 0  9991
2 25544  51.6440 306.3696 0006824 122.4138 337.0118 15.54754835986009
1 25544U 98067A   16047.77152007  .00012225  00000-0  18715-3 0  9994
2 25544  51.6436 303.5046 0006729 123.3541 311.6538 15.54767470986096
1 25544U 98067A   16047.84350087  .00011930  00000-0  18281-3 0  9990
2 25544  51.6438 303.1454 0006763 123.6096 354.5489 15.54767882986103
1 25544U 98067A   16047.96846161  .00011594  00000-0  17787-3 0  9992
2 25544  51.6439 302.5208 0006828 123.0822 334.9613 15.54769426986126
1 25544U 98067A   16048.17168590  .00011403  00000-0  17503-3 0  9994
2 25544  51.6439 301.5066 0006812 123.3252  32.9543 15.54773665986150
1 25544U 98067A   16048.17168590  .00011403  00000-0  17503-3 0  9994
2 25544  51.6439 301.5066 0006812 123.3252  32.9543 15.54773665986150
1 25544U 98067A   16048.72897402  .00011132  00000-0  17503-3 0  9995
2 25544  51.6323 298.7205 0011080 116.7902 280.2695 15.54100352986248
1 25544U 98067A   16048.93080075  .00174292  00000-0  25766-2 0  9994
2 25544  51.6417 297.7255 0003526 135.2703 311.6558 15.54190195986271
1 25544U 98067A   16049.13635309  .00187664  00000-0  27679-2 0  9995
2 25544  51.6492 296.6952 0004080 128.6013  29.1579 15.54200290986308
1 25544U 98067A   16049.50485632  .00022545  00000-0  34604-3 0  9991
2 25544  51.6431 294.8651 0004336 140.7456 280.1671 15.54185108986365
1 25544U 98067A   16049.55831347 -.00028307  00000-0  00000+0 0  9996
2 25544  51.6414 294.5988 0003247 133.8713 226.3092 15.54170309986372
1 25544U 98067A   16049.57129856  .00015667  00000-0  24293-3 0  9991
2 25544  51.6430 294.5328 0004336 141.2054 291.6982 15.54181148986375
1 25544U 98067A   16049.57129856  .00015667  00000-0  24293-3 0  9991
2 25544  51.6430 294.5328 0004336 141.2054 291.6982 15.54181148986375
1 25544U 98067A   16049.62261187  .00010497  00000-0  15796-3 0  9995
2 25544  51.6417 294.2793 0004069 144.7694 215.4089 15.54172495986382
1 25544U 98067A   16049.96765318  .00006937  00000-0  11174-3 0  9997
2 25544  51.6421 292.5563 0004282 143.7600 348.2160 15.54176041986438
1 25544U 98067A   16050.15903779  .00009684  00000-0  15303-3 0  9995
2 25544  51.6427 291.6025 0004290 144.0956 339.3997 15.54183624986461
1 25544U 98067A   16050.46901050  .00009929  00000-0  15667-3 0  9994
2 25544  51.6428 290.0566 0004291 145.3266 273.6396 15.54190470986510
1 25544U 98067A   16050.60463669  .00011526  00000-0  18062-3 0  9997
2 25544  51.6425 289.3799 0004380 147.2322 311.0862 15.54197274986535
1 25544U 98067A   16050.60463669  .00011526  00000-0  18062-3 0  9997
2 25544  51.6425 289.3799 0004380 147.2322 311.0862 15.54197274986535
1 25544U 98067A   16050.79721883  .00011518  00000-0  18062-3 0  9993
2 25544  51.6403 288.4255 0003063 146.5058 310.0139 15.54181541986562
1 25544U 98067A   16051.12590741  .00009448  00000-0  14937-3 0  9994
2 25544  51.6429 286.7815 0004127 146.0845 350.7244 15.54202737986619
1 25544U 98067A   16051.49964355  .00009445  00000-0  14929-3 0  9998
2 25544  51.6429 284.9176 0004130 147.5086 281.7943 15.54210135986672
1 25544U 98067A   16051.49964355  .00009445  00000-0  14929-3 0  9998
2 25544  51.6429 284.9176 0004130 147.5086 281.7943 15.54210135986672
1 25544U 98067A   16051.89376378  .00007798  00000-0  12453-3 0  9993
2 25544  51.6427 282.9523 0004209 148.3248 327.5912 15.54211379986733
1 25544U 98067A   16052.01651537  .00008023  00000-0  12791-3 0  9998
2 25544  51.6428 282.3404 0004100 147.7964 295.3918 15.54214343986758
1 25544U 98067A   16052.21253736  .00008024  00000-0  12791-3 0  9990
2 25544  51.6428 281.3627 0004100 148.5317 312.1618 15.54217682986782
1 25544U 98067A   16052.52961897  .00008026  00000-0  12791-3 0  9990
2 25544  51.6428 279.7812 0004099 149.7135 286.2895 15.54223083986833
1 25544U 98067A   16052.52961897  .00008026  00000-0  12791-3 0  9990
2 25544  51.6428 279.7812 0004099 149.7135 286.2895 15.54223083986833
1 25544U 98067A   16052.59605686  .00007818  00000-0  12479-3 0  9999
2 25544  51.6429 279.4503 0004090 149.8816 298.0980 15.54223290986843
1 25544U 98067A   16052.85656817  .00006407  00000-0  10359-3 0  9998
2 25544  51.6425 278.1523 0004084 151.6248 314.9218 15.54222367986880
1 25544U 98067A   16052.92652101  .00007371  00000-0  11806-3 0  9997
2 25544  51.6426 277.8025 0004152 151.7305 346.4826 15.54226245986890
1 25544U 98067A   16053.17653100  .00007312  00000-0  11716-3 0  9990
2 25544  51.6425 276.5554 0004158 152.8556 305.1453 15.54229831986935
1 25544U 98067A   16053.61773880  .00007242  00000-0  11608-3 0  9999
2 25544  51.6425 274.3549 0004199 154.0845 254.2150 15.54236294987003
1 25544U 98067A   16053.61773880  .00007242  00000-0  11608-3 0  9999
2 25544  51.6425 274.3549 0004199 154.0845 254.2150 15.54236294987003
1 25544U 98067A   16053.75923062 +.00006927 +00000-0 +11136-3 0  9998
2 25544 051.6427 273.6493 0004226 155.3250 325.1746 15.54236698987029
1 25544U 98067A   16053.75923063  .00006927  00000-0  11136-3 0  9999
2 25544  51.6427 273.6493 0004226 155.3250 325.1746 15.54236698987029
1 25544U 98067A   16054.00969918  .00006039  00000-0  98016-4 0  9994
2 25544  51.6423 272.4012 0004195 156.7166 286.1333 15.54236232987061
1 25544U 98067A   16054.20662418  .00006070  00000-0  98478-4 0  9998
2 25544  51.6424 271.4191 0004193 157.3923 308.0347 15.54238989987098
1 25544U 98067A   16054.58145506  .00006091  00000-0  98768-4 0  9998
2 25544  51.6423 269.5497 0004208 158.3059 245.7924 15.54244021987151
1 25544U 98067A   16054.58145506  .00006091  00000-0  98768-4 0  9998
2 25544  51.6423 269.5497 0004208 158.3059 245.7924 15.54244021987151
1 25544U 98067A   16054.78608946  .00005897  00000-0  95856-4 0  9990
2 25544  51.6424 268.5290 0004273 159.2969 310.5434 15.54245595987181
1 25544U 98067A   16054.98669559  .00005829  00000-0  94819-4 0  9992
2 25544  51.6423 267.5292 0004203 159.0466 353.9849 15.54247808987218
1 25544U 98067A   16055.11379753  .00005791  00000-0  94245-4 0  9993
2 25544  51.6420 266.8960 0004244 159.8244 344.8513 15.54249196987237
1 25544U 98067A   16055.11379753  .00005791  00000-0  94245-4 0  9993
2 25544  51.6420 266.8960 0004244 159.8244 344.8513 15.54249196987237
1 25544U 98067A   16055.42073291  .00005792  00000-0  94245-4 0  9996
2 25544  51.6420 265.3651 0004244 160.9626 262.2489 15.54253053987282
1 25544U 98067A   16055.61109003  .00005637  00000-0  91924-4 0  9997
2 25544  51.6421 264.4154 0004282 160.9382 248.0862 15.54254765987314
1 25544U 98067A   16055.61109003  .00005637  00000-0  91924-4 0  9997
2 25544  51.6421 264.4154 0004282 160.9382 248.0862 15.54254765987314
1 25544U 98067A   16055.74985634  .00005509  00000-0  89998-4 0  9999
2 25544  51.6423 263.7230 0004277 161.5702 304.4065 15.54255578987337
1 25544U 98067A   16055.81476832  .00005530  00000-0  90313-4 0  9999
2 25544  51.6422 263.3993 0004272 161.8338 307.5869 15.54256401987344
1 25544U 98067A   16056.01598777  .00005547  00000-0  90558-4 0  9994
2 25544  51.6416 262.3965 0004244 162.7316 353.3231 15.54258768987373
1 25544U 98067A   16056.20030418  .00005444  00000-0  89000-4 0  9994
2 25544  51.6418 261.4776 0004227 164.3557 303.6945 15.54260589987409
1 25544U 98067A   16056.57573691  .00005442  00000-0  88951-4 0  9991
2 25544  51.6415 259.6056 0004257 166.3127 243.8079 15.54265084987468
1 25544U 98067A   16056.57573691  .00005442  00000-0  88951-4 0  9991
2 25544  51.6415 259.6056 0004257 166.3127 243.8079 15.54265084987468
1 25544U 98067A   16056.63111163  .00007179  00000-0  10766-3 0  9997
2 25544  51.6400 259.3369 0003845 168.7845 191.3753 15.54267791987475
1 25544U 98067A   16056.82400046  .00007569  00000-0  11349-3 0  9990
2 25544  51.6400 258.3751 0003846 169.4845 190.6749 15.54270230987501
1 25544U 98067A   16056.88829674  .00007694  00000-0  11537-3 0  9996
2 25544  51.6402 258.0542 0003805 169.5618 190.5975 15.54271264987511
1 25544U 98067A   16056.90194569  .00005396  00000-0  88258-4 0  9999
2 25544  51.6410 257.9804 0004403 168.2371 268.3481 15.54268523987516
1 25544U 98067A   16057.03575451  .00005428  00000-0  88735-4 0  9993
2 25544  51.6410 257.3136 0004488 169.4952 296.2988 15.54270362987537
1 25544U 98067A   16057.03575451  .00005435  00000-0  88841-4 0  9999
2 25544  51.6409 257.3134 0004480 169.2205 296.5732 15.54270372987535
1 25544U 98067A   16057.54856993  .00005594  00000-0  91189-4 0  9993
2 25544  51.6412 254.7563 0004564 172.0116 285.0940 15.54277790987616
1 25544U 98067A   16057.60293402  .00005595  00000-0  91214-4 0  9990
2 25544  51.6411 254.4854 0004482 171.3651 230.1299 15.54278442987624
1 25544U 98067A   16057.60293402  .00005595  00000-0  91214-4 0  9990
2 25544  51.6411 254.4854 0004482 171.3651 230.1299 15.54278442987624
1 25544U 98067A   16057.74277881  .00005736  00000-0  93317-4 0  9991
2 25544  51.6411 253.7887 0004308 171.2715 293.2312 15.54280809987647
1 25544U 98067A   16057.94268949  .00006052  00000-0  98037-4 0  9994
2 25544  51.6417 252.7940 0004192 170.8703 332.9594 15.54284875987678
1 25544U 98067A   16058.07164678  .00006052  00000-0  98037-4 0  9993
2 25544  51.6417 252.1507 0004192 171.3522 334.5274 15.54286563987697
1 25544U 98067A   16058.07164678  .00006135  00000-0  99284-4 0  9990
2 25544  51.6418 252.1514 0004129 170.7297 335.1495 15.54286935987693
1 25544U 98067A   16058.56563604  .00006437  00000-0  10378-3 0  9997
2 25544  51.6420 249.6876 0004034 172.8162 218.9916 15.54295168987770
1 25544U 98067A   16058.57831793  .00006322  00000-0  10205-3 0  9997
2 25544  51.6418 249.6253 0003966 172.2334 290.5786 15.54294669987770
1 25544U 98067A   16058.57831793  .00006322  00000-0  10205-3 0  9997
2 25544  51.6418 249.6253 0003966 172.2334 290.5786 15.54294669987770
1 25544U 98067A   16058.90817009  .00006471  00000-0  10427-3 0  9999
2 25544  51.6418 247.9806 0004044 173.6068 336.1065 15.54299497987829
1 25544U 98067A   16059.03545662  .00006563  00000-0  10564-3 0  9991
2 25544  51.6419 247.3460 0004010 173.6596 328.7561 15.54301694987842
1 25544U 98067A   16059.34241022  .00006586  00000-0  10596-3 0  9998
2 25544  51.6419 245.8150 0004017 174.8135 246.2989 15.54306119987890
1 25544U 98067A   16059.40880220  .00006643  00000-0  10681-3 0  9993
2 25544  51.6419 245.4837 0003992 175.0878 257.7686 15.54307376987905
1 25544U 98067A   16059.60389883  .00006432  00000-0  10365-3 0  9999
2 25544  51.6423 244.5107 0004023 175.5944 269.6466 15.54308951987936
1 25544U 98067A   16059.60389883  .00006432  00000-0  10365-3 0  9999
2 25544  51.6423 244.5107 0004023 175.5944 269.6466 15.54308951987936
1 25544U 98067A   16059.87261549  .00006346  00000-0  10235-3 0  9996
2 25544  51.6429 243.1721 0004097 177.0056 332.8390 15.54312173987975
1 25544U 98067A   16060.19399119  .00006295  00000-0  10157-3 0  9994
2 25544  51.6430 241.5701 0003968 178.0215 331.2819 15.54316435988022
1 25544U 98067A   16060.37255392  .00006319  00000-0  10192-3 0  9994
2 25544  51.6430 240.6793 0003955 178.7104 250.4118 15.54318996988054
1 25544U 98067A   16060.43954317  .00006319  00000-0  10192-3 0  9994
2 25544  51.6430 240.3452 0003955 178.9629 265.2496 15.54319908988065
1 25544U 98067A   16060.49571510  .00006320  00000-0  10192-3 0  9992
2 25544  51.6430 240.0650 0003955 179.1674 219.5666 15.54320673988078
1 25544U 98067A   16060.55784260  .00006179  00000-0  99821-4 0  9996
2 25544  51.6427 239.7552 0003954 178.7629 207.8381 15.54320972988081
1 25544U 98067A   16060.57238027  .00006138  00000-0  99202-4 0  9991
2 25544  51.6427 239.6829 0003983 178.8894 289.1108 15.54320909988084
1 25544U 98067A   16060.57238027  .00006138  00000-0  99202-4 0  9991
2 25544  51.6427 239.6829 0003983 178.8894 289.1108 15.54320909988084
1 25544U 98067A   16060.78121528  .00006014  00000-0  97343-4 0  9998
2 25544  51.6427 238.6416 0003995 178.8568  18.4621 15.54322883988116
1 25544U 98067A   16060.90054907  .00006015  00000-0  97343-4 0  9999
2 25544  51.6427 238.0463 0003996 179.3019 326.2000 15.54324436988139