ISS (ZARYA)             
1 25544U 98067A   19302.35645838  .00001400  00000-0  32304-4 0  9998
2 25544  51.6449  56.0039 0006382 200.0688 197.6908 15.50230934196072
ALTAIR PATHFINDER       
1 42711U 98067LS  19301.51086850  .00171288  22868-4  39791-3 0  9991
2 42711  51.6289 320.3803 0004926  28.6442 331.4836 15.96726050140019
NSIGHT                  
1 42726U 98067MF  19302.16496559  .00047608  00000-0  28259-3 0  9995
2 42726  51.6338 348.5862 0005402 349.5908  10.4979 15.77511116138685
KESTREL EYE IIM (KE2M)  
1 42982U 98067NE  19301.70893903  .00013340  00000-0  13986-3 0  9999
2 42982  51.6380  24.7112 0003755 289.8407  70.2184 15.64737067114571
ASTERIA                 
1 43020U 98067NH  19302.18650341  .00052352  00000-0  32004-3 0  9991
2 43020  51.6410   0.3036 0002012 337.5512  22.5400 15.76820315110712
DELLINGR (RBLE)         
1 43021U 98067NJ  19301.78423289  .00013989  00000-0  14375-3 0  9990
2 43021  51.6389  23.7663 0001583 259.2813 100.8005 15.65200439110368
1KUNS-PF                
1 43466U 98067NP  19301.68036473  .00039852  00000-0  30601-3 0  9994
2 43466  51.6363  22.2487 0001828 339.5294  20.5631 15.71645570 83636
UBAKUSAT                
1 43467U 98067NQ  19301.73485889  .00023139  00000-0  22770-3 0  9999
2 43467  51.6374  30.1438 0001257 233.2786 126.8094 15.65881066 83543
BATSU-CS1 (IRAZU)       
1 43468U 98067NR  19301.65868882  .00068506  00000-0  40375-3 0  9997
2 43468  51.6382  15.2817 0002845 357.7889   2.3099 15.77534435183719
CUBERRT                 
1 43546U 98067NU  19301.72893425  .00014596  00000-0  13777-3 0  9999
2 43546  51.6384  29.3542 0003660 283.4276  76.6312 15.67294537 73681
TEMPEST-D               
1 43547U 98067NV  19301.75004056  .00006822  00000-0  91235-4 0  9996
2 43547  51.6392  43.7710 0004961 259.3885 100.6550 15.59317562 73172
RAINCUBE                
1 43548U 98067NW  19301.78020677  .00021311  00000-0  22149-3 0  9994
2 43548  51.6371  35.6802 0004969 282.4569  77.5870 15.64547255 73735
HALOSAT                 
1 43549U 98067NX  19301.66401712  .00022939  00000-0  23951-3 0  9994
2 43549  51.6385  36.4305 0004751 284.5220  75.5248 15.64380761 73277
RADIX                   
1 43550U 98067NY  19301.80829322  .00054641  00000-0  39034-3 0  9997
2 43550  51.6340  24.5199 0004900 321.4260  38.6388 15.73200150 73908
ENDUROSAT ONE           
1 43551U 98067NZ  19301.71954344  .00029533  00000-0  27839-3 0  9993
2 43551  51.6377  32.2910 0005412 296.4502  63.5938 15.66794760 73742
EQUISAT                 
1 43552U 98067PA  19301.70178880  .00022301  00000-0  22954-3 0  9995
2 43552  51.6392  35.2179 0005650 291.1434  68.8957 15.64758484 73661
1998-067PB              
1 43553U 98067PB  19301.74217946  .00017301  00000-0  19305-3 0  9997
2 43553  51.6415  37.7912 0005775 285.5348  74.5009 15.62884429 73680
1998-067PC              
1 43554U 98067PC  19301.65907695  .00031212  00000-0  28791-3 0  9991
2 43554  51.6377  31.8843 0005424 296.5996  63.4445 15.67302159 73285
AEROCUBE 12A            
1 43556U 18046C   19301.82176371  .00001951  00000-0  80651-4 0  9991
2 43556  51.6409 142.6987 0008358 178.2190 181.8821 15.29056495 71776
AEROCUBE 12B            
1 43557U 18046D   19301.84792602  .00001821  00000-0  76524-4 0  9995
2 43557  51.6413 142.8681 0008526 178.2950 181.8061 15.28876235 71728
LEMUR-2-VU              
1 43558U 18046E   19302.00692392  .00001336  00000-0  57842-4 0  9993
2 43558  51.6404 140.2297 0007585 180.0210 180.0772 15.29873695 71816
LEMUR-2-ALEXANDER       
1 43559U 18046F   19301.92528895  .00001258  00000-0  54999-4 0  9993
2 43559  51.6395 140.4412 0007654 179.4159 180.6832 15.29977435 71582
LEMUR-2-YUASA           
1 43560U 18046G   19302.01414082  .00001757  00000-0  72311-4 0  9990
2 43560  51.6407 140.2702 0007841 193.6206 166.4564 15.29794976 71814
LEMUR-2-TOMHENDERSON    
1 43561U 18046H   19301.81858930  .00001959  00000-0  79336-4 0  9990
2 43561  51.6408 141.2161 0007701 192.8978 167.1807 15.29734760 71349
SIRIUSSAT-1             
1 43595U 98067PG  19302.10718607  .00021697  00000-0  22731-3 0  9994
2 43595  51.6366  35.5941 0002888 266.1429  93.9236 15.64339766 68543
SIRIUSSAT-2             
1 43596U 98067PH  19302.15141698  .00023642  00000-0  24876-3 0  9994
2 43596  51.6377  35.9397 0003346 263.7672  96.2942 15.64169908 68547
TANUSHA-3               
1 43597U 98067PJ  19302.11184915  .00033309  00000-0  31326-3 0  9999
2 43597  51.6360  32.5848 0003297 289.1501  70.9138 15.66797012 68587
1998-067PK              
1 43598U 98067PK  19301.70795173  .00033295  00000-0  30924-3 0  9995
2 43598  51.6366  34.4180 0003417 285.2048  74.8571 15.67106771 68526
1998-067PN              
1 43638U 98067PN  19301.87318646  .00010900  00000-0  13991-3 0  9997
2 43638  51.6386  44.5880 0002225 238.9064 121.1711 15.59695302 60327
1998-067PP              
1 43639U 98067PP  19301.75735916  .00019383  00000-0  22484-3 0  9999
2 43639  51.6393  42.3306 0004427 243.5867 116.4673 15.61794533 60350
STARS-ME                
1 43640U 98067PQ  19301.76334215  .00013994  00000-0  17229-3 0  9992
2 43640  51.6379  43.8422 0004658 235.2266 124.8289 15.60517310 60337
ISS DEB (SEDA-AP)       
1 43870U 98067PU  19301.81660441  .00005431  00000-0  83152-4 0  9992
2 43870  51.6432  50.9702 0003543 249.3851 110.6766 15.56102292 48401
CATSAT-2                
1 44029U 98067PV  19301.79270249  .00017434  00000-0  22745-3 0  9995
2 44029  51.6402  49.3292 0004519 283.6646  76.3843 15.58782450 42161
DELPHINI                
1 44030U 98067PW  19301.77187296  .00019158  00000-0  24640-3 0  9995
2 44030  51.6380  49.1606 0004477 286.3489  73.7011 15.59088321 42135
UNITE                   
1 44031U 98067PX  19301.72184410  .00011785  00000-0  16483-3 0  9990
2 44031  51.6400  51.0904 0002990 280.7941  79.2714 15.57294904 42103
TECHEDSAT 8             
1 44032U 98067PY  19301.88155681  .00052025  00000-0  49205-3 0  9996
2 44032  51.6376  42.3878 0004114 304.2957  55.7649 15.66446258 42217
CATSAT-1                
1 44033U 98067PZ  19301.79250692  .00017438  00000-0  22748-3 0  9997
2 44033  51.6404  49.3298 0004258 285.7800  74.2723 15.58784800 42074
CYGNUS NG-11            
1 44188U 19022A   19301.84537920  .00000827  00000-0  36763-4 0  9997
2 44188  51.6304  69.7376 0005994  64.8250 295.3352 15.33356644 29949
ISS DEB                 
1 44303U 98067QA  19301.90912399  .00005727  00000-0  99358-4 0  9999
2 44303  51.6425  56.8646 0005875 180.9310 179.1670 15.52460101 23619
ISS DEB                 
1 44304U 98067QB  19301.87933054  .00018388  00000-0  28036-3 0  9998
2 44304  51.6417  55.9228 0005724 166.0173 194.0978 15.54507948 23634
ISS DEB                 
1 44305U 98067QC  19301.88562705  .00020033  00000-0  29544-3 0  9996
2 44305  51.6391  55.1678 0004518 222.9588 137.1051 15.55362972 23647
ISS DEB                 
1 44306U 98067QD  19301.79338889  .00006675  00000-0  11502-3 0  9992
2 44306  51.6412  57.5722 0007286 177.6473 182.4552 15.52336565 23603
RAAVANA-1               
1 44329U 98067QE  19301.72086522  .00013043  00000-0  20721-3 0  9994
2 44329  51.6416  57.0962 0006740 212.7446 147.3127 15.53671647 20775
UGUISU                  
1 44330U 98067QF  19301.72426946  .00013111  00000-0  20859-3 0  9992
2 44330  51.6413  57.1187 0006665 211.7935 148.2654 15.53626906 20753
NEPALISAT-1             
1 44331U 98067QG  19301.71788917  .00012551  00000-0  19944-3 0  9991
2 44331  51.6413  57.0769 0006748 214.5060 145.5493 15.53705054 20765
SPOOQY-1                
1 44332U 98067QH  19301.58650963  .00012424  00000-0  19746-3 0  9995
2 44332  51.6412  57.6973 0005546 215.9358 144.1260 15.53717571 20706
PINOT                   
1 44364U 98067QJ  19301.80590477  .00006423  00000-0  11154-3 0  9995
2 44364  51.6413  57.6521 0007666 175.5667 184.5392 15.52191168 19181
IOD-1 GEMS              
1 44385U 98067QK  19301.87587010  .00017555  00000-0  27457-3 0  9995
2 44385  51.6424  56.6459 0003209 178.6028 181.4972 15.53848626 18266
SWIATOWID               
1 44426U 98067QL  19302.14872517  .00023782  00000-0  36867-3 0  9995
2 44426  51.6450  55.3311 0004337 169.6990 251.5706 15.53877341 18311
KRAKSAT                 
1 44427U 98067QM  19301.78297721  .00009558  00000-0  15893-3 0  9994
2 44427  51.6425  57.5210 0003938 166.3812 193.7285 15.52776350 18292
VCC A                   
1 44428U 98067QN  19301.69739398  .00012049  00000-0  19526-3 0  9992
2 44428  51.6425  57.7014 0003076 186.0254 174.0700 15.53214827 18289
ENTRYSAT                
1 44429U 98067QP  19301.88230605  .00013107  00000-0  20989-3 0  9992
2 44429  51.6425  56.6844 0003061 177.5133 182.5873 15.53457575 18312
VCC C                   
1 44430U 98067QQ  19301.62442626  .00014886  00000-0  23634-3 0  9999
2 44430  51.6427  57.9625 0003088 189.2828 170.8106 15.53573580 17107
VCC B                   
1 44431U 98067QR  19301.63470202  .00011848  00000-0  19221-3 0  9994
2 44431  51.6423  58.0312 0003231 184.9227 175.1732 15.53203342 18216
SOYUZ-MS 13             
1 44437U 19041A   19301.53002979  .00001070  00000-0  26565-4 0  9992
2 44437  51.6445  60.0999 0006530 197.0238 265.5337 15.50226608195940
PROGRESS-MS 12          
1 44455U 19047A   19301.53002979  .00001070  00000-0  26565-4 0  9998
2 44455  51.6445  60.0999 0006530 197.0238 265.5337 15.50226608195940
HTV-8 (KOUNOTORI 8)     
1 44546U 19062A   19301.53002979  .00001070  00000-0  26565-4 0  9996
2 44546  51.6445  60.0999 0006530 197.0238 265.5337 15.50226608  5255
SOYUZ-MS 15             
1 44550U 19064A   19301.53002979  .00001070  00000-0  26565-4 0  9993
2 44550  51.6445  60.0999 0006530 197.0238 265.5337 15.50226608195946
